10000
2 66
10 77
7 51
4 27
4 57
4 80
3 9
2 52
8 96
9 21
10 53
8 40
1 63
9 76
6 22
8 64
1 22
7 57
4 2
6 63
5 15
5 39
4 96
3 4
7 89
5 91
3 70
9 48
3 27
6 32
10 70
7 6
1 57
3 61
8 12
8 50
3 44
2 95
6 30
3 79
5 75
9 51
8 21
6 21
3 81
2 33
1 96
1 27
3 9
5 32
6 23
3 71
4 79
3 97
9 64
1 60
4 2
2 37
4 19
9 73
8 67
1 69
1 52
8 97
9 49
10 58
3 53
8 84
9 52
2 16
9 15
5 6
1 15
3 36
4 51
10 37
7 34
2 63
3 12
2 46
4 58
1 97
6 75
2 29
5 16
6 25
4 61
1 30
10 1
10 32
3 23
3 44
4 59
5 8
4 46
1 57
7 88
8 64
9 83
9 8
8 4
10 1
2 90
10 12
3 48
4 18
7 68
7 53
3 73
10 72
5 44
3 79
10 37
6 40
4 29
4 10
4 42
5 100
9 83
9 41
5 63
6 27
10 97
7 25
10 39
9 72
1 33
2 73
7 47
4 60
7 28
2 100
9 95
6 74
10 93
10 38
3 5
4 63
3 28
3 58
2 24
6 11
6 19
4 35
8 56
3 93
5 58
3 66
8 33
9 51
8 82
7 96
1 94
6 22
1 58
6 80
3 50
8 14
6 66
8 54
7 47
5 53
4 50
5 77
9 49
6 0
3 56
5 16
9 10
5 24
8 74
5 100
2 75
2 12
5 63
9 22
4 100
8 74
2 68
6 32
9 99
4 81
3 47
3 39
4 2
8 52
8 37
10 48
3 19
7 47
3 81
8 38
10 41
1 81
6 57
8 17
7 97
5 94
6 73
5 60
3 79
5 54
6 33
2 45
8 43
10 61
6 85
4 30
7 26
5 96
4 25
1 48
7 100
10 44
2 21
10 64
3 23
9 37
5 84
6 60
5 98
7 87
10 42
1 96
9 9
9 23
9 90
7 15
10 73
8 83
6 87
2 87
9 15
3 4
10 82
3 33
3 14
2 9
2 45
3 7
1 16
6 20
4 84
5 12
8 25
3 61
5 71
7 80
8 42
3 94
7 95
3 47
10 78
1 7
6 18
6 65
2 86
2 60
7 98
6 88
5 63
3 59
3 22
5 88
3 44
5 29
4 70
8 33
3 44
10 59
1 65
1 93
4 4
4 44
4 90
7 20
3 16
6 73
6 65
2 94
1 74
9 2
5 76
10 61
8 33
1 93
4 45
6 85
3 45
5 72
2 93
2 33
5 39
4 61
8 38
8 81
9 7
3 5
1 52
3 79
9 25
9 41
6 77
2 87
7 89
6 79
4 54
7 77
9 10
4 61
7 21
9 92
7 75
8 50
7 27
2 45
4 23
10 46
5 41
4 64
6 18
2 92
6 61
5 68
2 26
8 78
5 89
6 75
3 93
6 97
10 84
7 23
8 95
3 48
8 23
5 19
8 72
5 37
5 79
1 69
8 80
6 70
8 69
10 2
10 63
1 1
7 16
1 28
9 63
3 7
4 98
9 53
4 22
3 23
10 24
7 93
3 56
3 3
8 54
1 86
10 14
7 63
8 82
2 18
6 41
4 20
5 31
4 43
4 36
4 88
10 96
5 92
9 94
10 58
1 7
2 35
8 73
7 94
1 55
4 81
6 4
7 78
8 41
10 28
2 42
1 84
2 93
1 0
5 23
5 61
9 15
10 30
1 74
1 85
5 42
10 46
3 15
6 11
8 99
1 68
6 20
10 51
7 35
6 87
5 14
5 9
3 76
2 81
4 9
4 74
4 81
1 2
7 78
10 12
2 3
5 77
8 83
9 89
7 40
5 5
7 42
10 87
3 14
2 55
10 36
2 10
4 42
9 37
8 77
1 29
7 69
3 28
10 48
9 51
9 64
10 68
5 18
4 98
5 17
4 16
3 27
1 64
1 94
2 18
5 73
10 14
6 77
1 77
5 10
6 7
9 24
1 18
3 57
8 41
6 91
8 18
3 16
7 25
6 79
4 76
10 68
5 49
10 95
6 51
6 18
8 74
3 84
2 54
4 8
6 80
1 31
6 32
4 74
4 1
1 32
9 15
2 72
7 49
7 2
10 9
9 16
7 15
6 31
2 4
9 79
9 86
5 39
6 65
6 64
3 9
6 100
3 63
8 44
5 63
8 14
2 95
8 75
1 26
5 45
1 14
10 53
6 12
3 39
5 81
3 80
5 17
4 41
8 1
9 40
6 93
9 45
5 0
4 64
1 44
2 65
2 99
6 45
9 76
2 0
7 36
7 30
7 46
2 2
6 77
5 26
2 60
4 7
8 30
8 82
1 0
8 16
10 96
8 48
1 59
2 64
3 25
3 53
10 74
10 55
4 76
4 12
10 84
3 41
6 34
6 32
8 31
1 97
2 79
1 11
5 45
7 32
8 64
10 7
7 74
10 67
3 35
9 24
1 37
4 63
6 22
1 8
2 82
10 7
2 71
7 30
2 39
10 1
8 26
1 58
2 29
2 84
3 70
9 83
2 69
1 64
4 5
10 43
4 54
9 95
5 40
5 61
3 72
10 66
3 75
5 38
2 60
6 0
1 73
2 56
4 52
6 74
7 60
6 92
7 56
6 12
9 4
1 95
4 91
8 77
9 24
2 48
8 57
10 44
6 54
9 56
5 36
10 14
4 70
3 56
6 64
2 5
10 3
4 54
7 33
5 10
6 54
7 30
2 54
10 88
3 16
9 69
6 1
10 54
5 85
2 19
2 6
3 47
4 68
10 18
9 57
5 28
7 28
10 25
1 29
3 51
1 41
9 94
1 3
9 94
5 95
4 44
2 88
3 48
5 35
5 5
2 21
8 18
10 67
2 26
1 61
8 55
1 94
4 40
10 98
10 64
1 92
5 58
4 61
1 54
7 5
7 19
2 57
8 85
1 71
10 25
5 58
5 31
6 37
9 95
1 95
9 47
5 48
2 64
8 84
4 29
5 59
4 82
3 6
9 31
5 42
8 33
10 55
8 82
7 32
6 73
3 97
5 73
4 90
10 69
6 46
9 51
10 12
1 38
2 4
1 86
9 58
5 68
4 54
9 24
4 60
5 44
1 17
9 53
1 74
1 38
1 32
10 42
1 0
9 30
9 33
6 94
4 51
3 43
3 52
10 21
10 81
2 20
3 49
5 83
6 20
6 79
2 71
3 30
9 13
7 68
4 81
1 20
1 6
4 65
3 76
4 43
7 80
7 39
3 78
8 21
1 17
7 61
6 5
7 50
3 5
4 5
5 26
1 46
10 39
7 45
8 6
3 48
8 50
3 28
4 7
4 86
9 91
2 5
6 2
6 51
5 72
7 84
4 83
1 98
2 3
6 16
3 58
5 99
6 62
8 95
2 23
5 96
8 70
6 27
7 75
9 63
7 31
1 6
4 49
2 5
2 23
9 1
2 79
1 81
1 35
8 86
5 99
9 83
7 37
3 94
4 4
5 84
5 81
4 3
2 28
9 26
5 11
5 68
7 15
1 84
2 60
4 63
6 88
3 55
3 5
8 58
5 77
7 32
6 88
6 82
7 84
3 17
8 14
10 61
1 4
3 0
1 24
2 21
1 59
3 56
6 46
8 92
10 63
6 88
4 66
6 26
7 96
8 33
6 50
10 64
9 47
3 82
6 17
5 99
5 53
8 24
6 22
7 100
9 31
1 39
9 68
7 18
8 23
2 31
8 64
4 56
2 12
3 44
8 39
10 18
2 78
1 53
8 14
1 11
10 93
9 19
4 1
1 38
9 15
1 44
9 37
4 70
5 1
8 45
6 92
6 11
8 76
10 9
4 8
5 38
3 73
9 35
3 41
6 71
5 33
4 60
9 11
4 57
9 87
3 81
6 62
2 94
9 1
2 14
6 0
3 50
2 39
2 37
5 48
9 11
9 60
6 25
4 47
5 50
7 66
8 27
7 83
5 69
1 0
6 84
4 91
3 89
5 99
5 64
4 52
7 60
10 20
4 93
6 44
9 82
1 47
2 3
9 84
1 8
8 82
5 56
1 90
5 54
10 6
2 3
4 65
6 0
2 89
4 29
2 47
10 58
1 88
9 88
5 27
2 78
3 46
8 97
6 75
7 100
4 27
1 19
9 60
9 5
3 36
3 70
3 24
4 50
1 100
7 43
9 50
1 1
1 96
4 7
6 90
5 62
5 81
6 78
6 82
6 38
9 64
5 97
9 98
2 13
7 59
3 68
3 52
1 26
3 30
7 86
2 50
7 42
9 52
8 6
8 40
3 65
3 31
6 59
1 76
8 60
9 10
8 22
6 0
5 52
5 98
7 75
4 76
10 75
9 36
3 76
5 62
8 30
3 6
5 66
4 72
3 14
7 30
6 52
2 63
2 1
8 94
10 92
4 19
6 96
10 74
2 39
4 33
6 66
3 25
6 80
2 59
9 72
3 63
6 98
7 42
8 70
2 79
6 53
8 59
3 83
7 59
10 58
8 61
6 53
6 7
2 5
3 80
2 55
6 48
9 90
10 36
8 30
2 16
1 89
1 25
4 16
2 9
2 67
2 67
7 19
7 67
1 48
6 13
3 44
8 66
6 29
3 53
6 79
9 68
1 82
2 84
6 39
3 9
7 74
9 39
10 46
2 19
2 75
5 82
1 72
10 94
6 74
1 0
8 30
1 63
8 72
3 7
9 44
3 11
9 28
9 86
4 93
2 77
10 67
3 39
2 28
4 68
5 60
6 97
2 60
3 63
2 37
10 58
5 2
4 92
1 11
4 75
8 15
8 81
9 4
5 1
8 20
3 13
1 49
5 64
10 6
1 17
3 65
1 91
1 78
1 38
3 94
6 45
6 70
2 19
2 94
10 59
8 26
5 49
10 24
10 85
6 30
10 73
7 44
10 64
2 90
4 56
6 42
5 8
5 68
8 36
4 98
9 26
1 4
6 17
8 98
8 45
2 86
1 66
10 73
1 23
8 24
6 82
5 22
4 23
10 49
8 28
4 87
1 74
5 83
5 1
9 35
5 81
2 69
8 58
4 37
1 73
1 84
4 23
6 82
8 82
6 39
10 75
8 8
1 67
4 97
8 51
5 8
8 80
7 25
10 11
3 39
8 62
4 90
2 43
2 40
10 55
1 2
8 51
1 95
5 73
3 62
7 91
3 58
10 88
2 74
3 11
8 49
7 76
7 25
5 22
7 39
5 88
1 57
5 58
4 42
1 15
2 83
3 65
3 70
5 77
5 68
5 84
3 83
10 29
1 31
3 100
9 60
2 66
4 79
1 17
3 30
7 90
3 50
3 72
8 49
2 83
5 22
1 95
6 93
6 31
6 0
6 39
10 69
9 82
10 28
9 76
2 52
1 20
5 60
10 30
8 38
8 84
4 27
9 43
1 30
9 82
8 55
7 66
2 97
6 57
7 41
8 44
5 93
9 40
9 8
2 98
1 87
4 67
8 56
2 82
7 6
4 86
1 76
10 28
2 100
2 74
2 27
8 50
8 67
6 50
6 4
9 99
2 36
8 12
9 30
6 52
8 16
4 24
1 87
2 1
4 37
8 57
3 96
7 52
9 28
5 22
4 14
2 64
5 63
1 28
5 46
1 21
4 56
1 97
6 1
4 97
9 51
6 37
5 66
3 20
10 99
9 28
9 29
9 20
8 86
5 45
4 59
9 25
2 51
5 64
4 33
8 88
1 79
4 11
10 65
5 85
8 19
1 38
2 69
8 23
5 76
2 74
3 88
4 1
1 12
10 50
5 71
9 10
7 63
6 29
2 1
6 45
8 28
7 57
2 81
7 82
3 0
2 100
8 32
3 70
1 95
2 95
9 2
10 37
1 84
4 91
1 11
8 15
5 9
9 39
4 27
10 37
2 11
6 87
6 76
5 80
2 2
8 50
8 58
5 0
5 17
9 47
9 33
4 74
1 20
7 98
8 0
8 41
7 6
2 50
9 6
3 73
10 41
4 76
4 32
4 18
5 28
3 5
5 9
6 25
3 51
2 42
5 72
1 16
7 44
2 21
7 9
1 74
4 42
7 50
8 54
5 55
4 21
5 22
10 60
4 21
7 38
5 50
1 72
1 31
9 70
6 78
1 50
6 13
8 37
9 42
3 99
8 33
7 96
6 61
4 92
6 1
3 43
5 24
10 0
3 78
2 9
8 80
3 86
2 19
7 22
2 53
5 35
6 46
7 58
7 18
9 94
9 79
3 62
7 74
8 83
8 23
1 25
3 14
4 84
5 35
3 8
10 52
4 79
4 22
7 47
1 40
4 48
2 26
3 47
3 91
6 20
5 35
6 87
1 43
6 47
2 5
8 97
6 69
8 53
2 31
3 4
6 23
10 91
6 97
2 76
3 23
1 69
5 26
5 65
10 18
8 23
1 69
1 83
5 42
1 56
9 79
7 79
10 63
7 95
10 34
10 7
5 68
6 70
1 41
10 77
5 8
7 79
7 55
5 35
8 90
9 59
3 77
8 47
2 27
4 34
9 78
2 42
1 50
5 78
7 85
1 14
8 66
6 22
5 57
2 12
6 98
7 84
10 68
9 28
8 95
7 44
2 4
8 82
5 13
10 80
5 13
1 6
3 40
1 93
4 92
4 0
5 85
1 93
3 71
1 48
6 0
7 41
5 90
7 0
8 98
10 14
9 40
3 77
2 9
4 1
4 52
1 78
2 68
9 29
3 18
1 43
2 60
9 87
1 83
8 31
2 78
4 79
4 83
3 51
5 18
2 24
1 72
9 59
7 9
2 19
8 23
8 84
5 52
6 47
3 13
10 30
3 82
6 66
2 91
2 56
9 35
5 70
3 99
7 71
10 93
2 97
9 77
8 58
5 41
4 23
8 24
6 2
1 54
2 0
3 39
3 62
8 33
1 100
9 64
3 21
4 56
8 19
5 53
10 21
6 38
4 28
7 6
2 51
4 25
1 49
8 98
2 17
1 25
10 5
8 56
10 25
9 74
9 12
8 68
8 76
2 50
9 20
6 49
5 8
9 27
7 38
6 28
1 31
7 30
2 5
9 5
3 55
2 97
8 11
2 51
3 59
4 10
4 69
3 10
7 12
1 99
3 31
5 36
8 8
6 37
5 97
10 49
4 55
3 51
8 2
1 89
5 1
8 47
2 92
2 53
5 98
4 18
8 19
8 93
3 79
8 83
2 36
3 66
1 5
10 78
8 18
3 42
2 79
1 81
5 12
5 80
10 59
8 38
3 35
8 8
7 49
9 9
4 16
8 72
1 79
8 96
3 3
10 18
2 69
10 8
3 18
1 15
7 60
10 83
5 5
2 72
4 67
2 51
1 95
4 32
4 48
4 30
9 63
2 73
1 56
4 53
10 42
1 97
8 72
8 75
10 33
5 28
6 32
2 1
6 3
8 96
7 59
8 61
8 41
6 8
3 17
1 37
9 2
7 89
4 87
4 9
7 12
9 43
3 63
7 38
2 54
10 93
5 26
9 1
5 6
2 19
7 15
8 15
8 46
10 3
3 96
5 88
9 11
8 59
4 15
2 80
8 57
6 56
2 85
6 51
10 60
1 70
7 38
2 78
4 17
1 29
8 91
4 46
5 10
7 2
6 96
3 84
1 38
8 46
2 60
4 87
9 89
5 9
8 2
10 5
2 56
9 43
7 29
7 25
1 52
2 49
3 61
3 21
8 20
3 17
6 19
1 66
3 55
3 49
3 34
6 62
1 93
10 12
6 81
7 63
6 67
6 13
2 89
3 99
6 2
3 80
4 25
6 6
7 28
8 68
8 36
8 17
1 84
2 89
6 62
8 83
9 87
3 11
9 54
10 26
2 5
8 99
9 47
2 52
8 67
1 25
4 18
8 82
6 54
9 0
6 17
8 94
6 58
9 90
5 57
7 55
8 37
5 57
9 66
6 52
3 86
1 45
3 33
7 81
4 23
4 28
1 78
2 81
2 42
10 32
6 20
1 53
10 93
8 83
6 80
2 42
8 76
10 7
1 38
10 18
1 46
9 80
10 60
5 45
8 33
3 73
8 49
4 25
4 56
5 14
2 94
6 60
10 24
7 48
2 13
3 52
3 22
6 35
3 32
8 72
5 75
3 84
7 1
1 47
6 99
10 32
3 90
9 86
9 50
2 51
3 96
2 56
9 79
7 12
7 16
2 18
9 42
5 31
5 91
10 95
6 89
10 21
7 97
9 8
6 35
6 21
3 12
7 14
3 28
10 49
7 73
3 41
1 83
2 72
6 58
4 28
8 35
7 63
3 32
2 31
3 46
1 7
10 47
9 74
6 87
5 81
8 3
2 96
4 12
10 92
2 43
7 15
10 91
8 74
2 73
5 79
8 88
9 81
7 9
9 66
2 97
6 90
8 53
8 37
9 10
9 97
9 88
5 52
8 67
5 3
6 79
4 0
3 57
3 18
7 27
9 26
7 51
8 88
10 96
7 81
6 70
7 67
3 60
1 100
6 23
9 74
9 11
2 26
10 13
2 52
3 89
10 79
9 26
8 75
6 53
5 34
5 91
4 70
3 69
9 23
9 89
1 78
8 18
2 7
4 22
7 57
8 25
3 97
4 29
1 14
8 48
7 75
4 61
9 51
6 94
4 83
4 9
2 49
8 63
4 85
9 15
10 74
3 34
4 54
1 87
9 85
2 64
6 31
4 49
2 46
7 74
10 35
5 78
5 74
9 17
5 94
7 0
8 53
8 12
1 58
3 65
4 5
8 19
7 82
9 10
3 56
10 36
4 36
4 83
8 6
3 11
4 50
4 9
4 5
5 17
2 73
5 5
3 34
3 31
10 10
4 28
7 23
4 79
10 32
2 65
2 25
2 96
6 11
6 0
5 98
4 74
1 31
6 42
8 80
4 75
4 58
3 27
8 46
5 99
6 10
7 30
10 59
6 58
4 83
3 36
1 56
3 73
3 36
3 5
9 41
4 70
7 15
4 72
5 67
5 37
6 90
1 8
2 68
5 8
5 16
9 77
5 61
8 56
4 38
6 69
9 42
1 92
10 38
7 79
4 21
6 22
5 62
3 37
7 9
5 59
10 84
4 71
2 10
3 12
7 23
5 74
2 72
5 2
5 100
10 63
1 0
7 69
4 96
2 52
8 9
7 96
6 7
1 41
10 70
1 64
1 67
6 12
2 29
2 79
4 49
10 35
7 55
5 81
6 61
7 98
5 62
2 84
8 26
6 86
7 70
5 97
3 70
10 4
8 85
2 72
10 38
1 23
7 18
10 48
2 24
5 81
10 39
10 39
7 32
4 54
3 70
7 86
10 76
4 96
9 91
8 9
3 70
5 63
2 5
2 96
3 35
2 54
5 9
8 74
2 92
1 84
6 46
5 49
9 16
8 98
2 96
6 89
3 74
8 34
9 18
9 36
3 64
3 77
2 32
7 88
3 54
3 92
7 5
1 51
2 59
8 73
10 84
8 24
7 69
3 36
7 70
2 66
9 59
1 80
2 68
6 55
8 19
6 75
9 42
8 28
1 7
1 78
4 47
6 58
3 94
9 99
9 50
8 70
5 33
9 0
3 40
10 19
7 2
9 24
10 53
4 15
4 62
9 100
2 66
2 22
10 94
7 64
6 75
7 54
1 52
4 26
9 3
8 89
9 72
8 36
3 51
7 10
8 39
8 65
2 40
4 97
2 30
2 1
1 86
8 37
7 28
10 33
4 85
1 59
3 7
4 100
7 92
10 98
1 55
8 100
3 98
4 68
9 7
10 90
8 88
2 60
2 41
8 10
3 99
7 50
7 60
2 73
3 26
7 64
9 29
10 59
1 4
3 14
1 92
6 50
9 23
7 19
9 9
4 57
8 44
2 57
2 25
6 26
8 31
5 99
8 41
10 41
10 47
7 5
4 96
9 71
7 81
2 99
7 93
7 79
4 19
1 74
3 3
8 21
5 69
7 80
1 54
8 73
1 71
3 21
2 20
2 35
9 77
5 69
2 84
6 80
1 2
5 100
9 94
4 56
9 28
6 90
9 24
5 48
9 31
6 78
4 62
7 87
2 92
2 24
4 42
8 11
4 85
3 88
7 2
3 11
7 74
1 92
7 51
4 61
2 65
9 64
10 53
2 78
1 78
3 46
8 31
9 50
7 41
9 69
6 71
6 63
6 47
2 86
1 50
7 93
4 80
6 79
6 39
10 24
1 72
4 60
4 27
3 52
6 41
3 46
2 62
3 32
9 16
6 89
5 57
8 97
10 92
10 54
2 100
6 97
4 43
2 88
4 87
4 86
4 71
2 87
6 40
2 76
6 33
6 83
5 83
3 67
5 91
5 37
10 7
5 55
10 64
5 64
8 45
1 57
8 5
10 68
10 53
1 19
6 95
3 42
3 78
1 60
6 89
4 46
2 34
7 28
10 9
8 58
8 98
7 80
1 79
1 87
7 77
3 31
7 35
9 11
7 94
7 62
6 31
8 59
6 9
9 83
5 39
8 80
9 22
5 60
7 26
10 43
8 48
10 43
4 52
2 45
2 84
9 57
9 50
5 18
2 80
1 15
6 43
3 13
3 48
6 19
6 46
1 94
1 45
3 33
3 98
2 75
8 60
3 94
10 62
8 96
4 3
9 51
8 43
1 25
2 46
3 55
8 3
1 29
6 90
1 54
5 90
5 67
8 21
6 34
2 71
1 61
3 95
10 91
5 66
1 13
5 25
7 37
9 45
6 55
10 60
6 50
2 0
3 15
9 32
7 77
5 86
7 16
7 44
3 0
3 50
7 86
8 32
10 54
5 37
4 81
8 32
5 4
4 34
6 53
8 58
9 49
4 61
9 66
7 95
7 94
3 27
6 78
4 32
2 12
3 69
7 19
4 78
2 77
1 95
5 99
4 66
1 39
4 15
3 31
6 36
6 55
3 92
8 95
8 60
5 80
6 58
10 49
1 3
6 86
4 32
4 22
8 52
9 78
2 85
9 17
1 11
8 2
6 60
1 97
5 33
9 71
3 3
7 30
8 67
6 48
3 69
5 30
1 94
1 45
3 20
3 5
9 44
7 61
10 57
7 100
6 32
5 12
5 79
10 65
7 41
2 24
1 2
4 27
5 27
1 1
4 61
3 7
8 13
6 73
3 42
7 29
5 60
5 41
3 95
6 57
1 32
7 59
7 18
2 66
9 39
3 41
10 12
5 85
9 92
3 82
3 58
2 23
1 4
4 0
8 11
2 12
6 81
3 88
8 98
10 36
4 91
2 59
10 61
5 88
3 22
5 12
3 14
2 10
5 68
4 99
10 18
5 29
1 96
6 68
6 4
3 82
2 79
6 41
8 32
6 6
9 7
4 88
5 20
6 99
4 67
2 68
9 81
3 32
9 84
5 61
5 9
6 41
1 48
10 28
7 87
3 61
6 83
2 25
2 47
7 51
5 31
10 89
7 35
10 93
7 19
6 7
4 85
8 84
5 70
10 91
8 26
5 58
3 66
2 67
9 9
2 70
6 59
2 0
5 97
3 28
3 85
7 38
9 40
4 28
7 86
4 81
10 59
3 14
9 41
4 54
1 46
6 78
9 77
9 25
10 29
6 26
8 6
9 87
3 80
5 71
9 58
4 9
7 23
5 100
1 14
3 19
8 50
3 28
9 93
1 24
1 99
1 39
1 12
7 11
8 4
7 87
10 93
9 81
2 66
6 30
4 25
1 34
5 100
10 9
8 15
6 13
1 36
3 41
8 66
7 63
9 97
4 84
5 93
8 28
6 53
3 50
8 85
5 49
9 88
3 78
10 53
5 7
10 61
7 42
5 99
7 11
10 100
4 32
4 64
4 57
3 7
1 45
10 69
4 2
2 11
1 47
3 18
1 27
10 44
4 11
1 75
3 96
2 65
10 41
7 81
10 38
4 11
8 58
9 74
10 17
4 48
7 38
1 44
2 34
7 31
1 83
3 59
10 62
4 44
6 84
3 20
7 62
4 8
4 85
10 28
6 58
10 74
9 14
5 85
5 92
1 6
7 9
8 19
3 47
1 54
9 2
9 97
6 9
3 11
1 83
6 32
3 85
2 51
1 65
8 94
1 10
1 64
8 43
7 14
2 93
8 44
9 31
8 40
3 46
5 13
9 18
1 1
5 5
5 39
6 100
3 18
1 29
6 95
8 44
7 42
3 34
7 41
6 77
7 81
7 36
8 46
8 17
5 42
4 21
6 26
5 97
4 39
7 6
9 27
9 24
5 76
1 64
8 18
4 39
8 85
1 1
7 86
4 68
5 2
9 27
4 22
9 48
9 38
8 93
5 97
2 74
7 2
3 39
9 37
8 22
8 13
7 4
4 54
1 85
7 97
10 23
3 23
8 14
1 89
3 59
4 39
8 9
3 98
6 61
10 3
4 94
5 45
6 17
3 70
8 24
1 74
7 61
9 82
7 50
6 43
9 14
8 3
7 6
10 27
4 47
1 8
10 24
3 75
6 64
6 57
10 30
10 5
2 70
4 15
3 13
10 44
4 42
6 97
10 29
10 66
10 80
1 87
10 24
9 60
1 92
6 3
8 53
6 11
1 81
8 92
6 82
1 83
9 15
1 30
3 42
7 0
9 4
1 99
4 54
7 68
4 16
1 34
10 0
7 89
9 88
8 8
7 2
10 84
5 22
9 20
7 39
1 24
4 53
8 44
3 83
7 39
1 55
8 84
6 72
2 97
2 32
10 61
1 93
3 40
1 24
8 63
3 51
1 82
1 91
1 6
9 72
9 37
7 67
7 67
1 64
8 18
10 25
4 7
6 57
1 51
3 98
9 15
2 14
5 66
5 84
6 21
8 3
3 80
8 94
2 34
2 7
3 73
3 68
5 78
6 64
5 37
9 27
1 40
1 74
6 56
1 23
6 36
1 49
8 65
3 45
1 10
2 62
7 0
2 73
3 15
6 3
6 43
1 79
3 38
5 28
10 33
2 58
1 45
3 96
4 67
4 50
8 94
5 74
3 98
5 19
7 89
7 22
8 61
2 64
4 80
8 84
2 69
4 81
10 62
2 79
2 18
2 92
6 50
2 78
5 97
10 50
7 5
9 11
2 11
8 86
8 56
2 64
1 4
3 77
3 9
4 41
6 51
10 4
4 16
2 100
8 2
1 9
8 54
2 62
10 51
10 6
3 83
9 36
5 10
6 8
10 44
7 84
4 15
2 71
9 37
1 31
1 50
8 86
2 41
3 3
8 13
4 46
1 79
2 0
9 4
3 87
8 82
6 8
7 39
3 7
10 31
5 7
2 64
10 0
7 50
3 48
5 96
7 69
1 59
6 70
6 22
6 84
8 46
10 99
5 63
10 45
2 9
10 34
3 57
4 96
10 10
4 61
7 60
6 30
8 30
4 51
8 71
5 75
2 67
9 10
3 77
7 4
7 8
6 43
6 78
9 30
6 100
10 92
9 26
1 66
2 46
4 27
8 53
9 17
7 56
7 24
1 51
1 33
4 41
9 2
5 99
1 35
3 98
5 50
7 79
6 85
5 1
7 57
2 99
10 98
9 84
8 44
4 84
3 99
5 65
9 29
9 98
4 90
10 12
5 24
5 77
2 2
2 77
3 51
7 74
3 46
7 59
2 34
5 46
10 64
3 30
9 29
3 79
6 74
7 62
6 38
5 61
10 84
9 74
7 92
10 18
1 62
7 75
1 45
7 79
8 38
8 1
1 12
4 59
10 11
6 27
7 53
10 47
6 83
7 73
8 4
1 93
6 92
7 54
2 99
10 54
8 20
8 31
10 45
7 71
8 76
4 30
9 28
3 33
4 65
4 38
5 78
10 90
2 0
7 76
3 18
5 72
5 81
8 5
3 4
4 43
9 10
7 88
1 40
7 8
5 84
7 26
5 84
2 52
10 7
7 45
6 15
2 59
10 94
6 52
9 47
7 22
6 62
5 73
10 100
4 43
9 76
7 93
2 33
10 44
5 74
10 99
3 79
6 47
5 23
1 25
8 94
5 70
5 28
3 98
1 67
8 70
8 50
1 47
1 36
2 68
7 1
5 62
5 10
4 51
4 52
3 14
10 97
2 89
8 48
6 99
6 85
3 1
9 91
8 40
7 66
6 38
4 7
10 43
7 31
10 42
6 93
10 43
9 53
2 21
7 54
1 38
2 59
4 0
8 67
3 25
10 13
9 4
2 9
2 29
9 56
10 65
2 98
1 5
1 60
5 73
2 75
7 26
3 49
3 4
10 7
10 9
4 88
2 46
8 89
7 99
3 95
9 46
6 64
3 54
6 94
9 30
9 55
8 86
6 7
9 42
8 89
6 96
2 44
3 44
6 22
1 65
7 49
5 97
6 96
8 6
2 57
2 98
3 51
10 16
6 5
9 12
9 84
5 51
2 70
7 19
7 91
3 88
9 88
4 7
3 45
2 13
10 41
3 0
1 46
2 80
2 24
9 58
3 52
7 97
3 81
3 22
10 64
4 90
5 83
3 9
9 32
8 15
2 90
3 16
8 27
3 72
8 81
6 27
3 74
9 55
8 85
8 61
7 13
8 88
7 39
3 72
6 9
1 47
5 14
3 83
1 60
3 34
7 66
6 29
4 56
6 94
5 27
8 39
5 87
3 9
10 51
1 34
4 78
10 13
8 5
10 23
8 66
1 75
9 25
2 86
6 19
10 65
8 36
8 68
2 71
6 3
8 58
1 61
6 32
6 79
10 28
3 4
1 63
9 12
8 78
3 18
4 38
9 1
3 70
8 5
7 69
9 11
7 8
3 14
9 32
2 42
10 70
4 59
2 62
6 94
6 72
6 61
9 51
5 23
2 92
8 39
4 6
8 22
2 83
8 36
8 86
10 93
3 6
3 43
7 11
9 68
5 94
6 33
4 2
6 76
7 90
8 93
10 11
9 7
5 50
8 14
10 71
1 61
2 57
6 75
9 18
8 19
9 57
1 36
5 73
10 88
3 44
1 35
4 98
8 56
6 63
1 95
4 76
8 82
7 1
2 89
5 74
4 62
5 55
10 8
1 1
6 46
9 38
9 78
6 63
9 16
9 18
1 57
10 87
6 27
3 97
4 80
6 36
3 45
8 14
4 91
7 90
1 42
2 47
7 69
8 67
6 33
3 31
2 14
1 22
1 69
2 51
4 90
5 28
8 90
9 36
1 7
5 83
3 90
5 24
2 91
8 50
4 56
2 64
3 25
8 29
9 6
9 21
5 39
7 23
10 87
6 23
10 83
10 79
8 17
9 34
5 76
5 1
1 43
2 94
2 72
7 100
10 75
1 76
4 58
3 53
1 34
2 51
7 86
10 37
1 51
2 83
8 1
4 80
8 65
5 79
8 74
5 32
6 26
7 74
1 91
10 75
2 85
3 70
6 43
4 33
6 87
5 20
4 75
1 65
8 81
10 68
7 50
10 80
2 59
10 56
7 13
7 26
6 3
7 25
3 55
4 7
8 44
5 35
8 98
4 14
5 15
10 41
1 42
3 41
4 0
1 5
3 97
6 9
3 28
9 58
9 11
10 79
10 1
2 10
1 95
6 96
9 87
4 30
3 84
1 93
8 84
2 42
8 48
1 96
7 10
4 90
7 70
10 23
8 100
6 63
3 12
5 34
3 44
7 9
1 35
6 30
2 39
7 100
6 97
7 64
10 26
5 96
7 82
10 29
3 60
2 99
7 44
2 74
5 70
7 95
8 68
1 80
8 26
2 73
5 78
9 72
6 92
8 82
10 16
4 74
8 89
3 41
2 16
3 39
9 3
1 14
10 14
10 53
2 70
8 45
4 83
8 91
9 75
7 33
3 76
4 53
5 28
4 74
8 19
4 8
1 79
4 64
4 92
9 91
3 0
5 97
7 81
9 20
1 93
8 26
10 45
4 37
3 92
10 55
5 77
2 91
9 10
10 70
9 8
3 56
8 95
7 54
9 45
9 71
8 31
7 25
3 66
8 59
10 37
8 35
3 38
10 32
9 62
5 46
1 82
3 3
10 47
9 76
4 57
3 96
1 80
8 17
4 35
1 94
2 92
7 21
5 63
7 52
1 56
2 14
7 4
7 41
4 43
3 30
9 63
2 20
4 32
6 0
6 50
7 95
1 49
8 17
10 10
1 6
6 48
8 35
5 80
4 22
7 26
1 86
3 94
2 29
1 0
4 11
1 15
5 44
2 73
4 23
2 37
8 33
7 13
1 43
9 32
1 55
9 36
3 7
2 59
2 23
4 73
6 46
9 6
7 44
9 39
4 39
5 37
3 24
4 85
5 92
5 54
8 5
8 0
2 72
5 47
5 93
3 30
4 26
8 86
4 16
1 76
10 23
9 16
4 42
4 79
5 94
1 62
1 32
10 71
2 33
4 59
3 92
8 15
9 43
3 21
8 43
3 39
4 91
8 61
8 100
8 82
6 54
5 62
7 91
3 91
8 85
6 11
2 44
8 57
1 26
5 77
1 31
10 91
1 23
2 74
8 9
3 24
7 43
8 42
1 100
3 96
3 71
2 27
6 24
6 68
6 4
8 7
2 46
9 22
3 88
8 49
10 87
5 16
3 22
2 73
8 77
2 32
4 78
4 79
10 88
1 82
6 42
10 28
3 18
4 49
2 95
4 94
6 86
4 75
10 10
1 17
7 83
9 42
1 50
9 81
6 6
7 33
10 84
9 84
7 79
6 60
4 67
9 18
1 39
6 63
8 91
5 39
2 64
2 49
3 27
5 13
2 78
2 37
4 66
5 99
1 66
10 32
5 4
7 46
8 47
7 47
8 93
9 91
4 28
4 48
4 57
8 31
2 20
6 87
9 35
3 74
7 11
10 3
1 17
3 48
1 68
10 32
3 15
8 50
8 22
6 68
4 46
10 13
3 97
10 68
8 64
10 90
9 38
8 47
8 12
9 27
5 64
2 76
1 25
8 15
8 41
6 33
9 78
6 21
7 16
3 21
10 71
8 20
10 2
1 93
3 36
5 80
2 43
7 26
2 64
7 20
8 71
6 26
10 74
7 63
1 95
10 68
6 44
3 4
10 2
7 77
8 66
7 88
7 69
10 34
2 86
4 14
6 62
5 82
10 66
10 15
4 8
10 69
8 78
7 38
3 34
10 82
10 86
4 98
1 3
3 80
4 45
1 81
3 1
4 3
8 43
7 72
9 86
1 36
2 67
6 87
7 78
1 63
3 98
3 13
3 71
6 0
3 92
3 49
7 23
8 54
6 73
10 1
6 37
5 30
2 55
9 5
4 58
4 17
2 80
6 75
3 2
7 59
5 25
2 91
9 45
6 68
8 48
2 96
3 87
8 70
2 73
4 20
9 38
7 5
9 27
5 34
7 6
6 37
1 47
7 64
10 62
10 60
6 51
6 91
3 68
10 82
1 46
3 56
3 96
6 57
10 79
10 90
10 20
2 12
4 4
5 33
8 95
3 51
2 81
9 54
6 21
10 81
7 82
9 75
5 10
7 65
3 93
8 58
4 77
4 48
6 83
9 71
3 31
8 98
1 13
9 14
7 6
3 5
5 85
10 39
1 17
9 79
9 29
1 50
6 53
1 66
3 34
2 87
7 26
4 98
3 59
1 70
5 1
7 9
7 55
4 62
10 71
5 15
9 57
4 86
3 94
2 34
2 99
3 71
5 17
4 31
2 88
10 54
3 55
3 98
1 31
1 29
10 64
3 35
5 59
8 1
3 57
10 88
5 71
10 64
10 65
1 11
8 12
4 95
10 45
2 77
10 39
2 17
4 91
1 61
10 7
2 65
5 23
6 2
4 42
3 10
2 9
5 6
2 34
9 58
1 83
8 42
10 31
4 72
3 45
9 76
10 60
9 86
7 42
2 59
8 4
3 86
5 84
1 32
6 46
4 4
5 24
6 21
5 18
2 48
7 25
6 98
6 25
1 9
9 81
6 86
3 26
10 97
4 37
4 95
10 60
9 90
8 48
10 90
8 82
9 28
8 56
1 88
8 37
6 77
10 28
5 18
8 62
9 10
6 76
1 80
1 23
1 71
8 16
2 48
4 10
10 23
7 95
6 10
1 92
8 31
1 58
9 52
8 22
9 72
8 85
6 74
3 5
8 93
5 11
7 29
9 41
4 49
9 19
3 95
7 50
8 79
9 64
6 40
10 72
6 51
5 63
5 27
7 4
10 88
7 90
9 94
1 44
2 8
5 12
9 100
5 97
3 7
5 60
3 1
9 86
7 46
1 19
8 42
1 34
6 91
3 15
4 94
2 69
10 61
9 43
2 53
10 24
6 91
3 39
8 58
1 70
4 99
3 92
8 68
7 63
3 94
3 69
5 50
5 13
1 32
3 22
10 82
10 31
6 19
2 79
10 82
7 11
6 0
4 50
1 90
6 63
4 12
3 1
5 82
5 62
7 50
6 66
1 18
10 60
3 57
9 77
7 53
10 56
7 84
9 20
4 60
5 61
9 45
5 12
7 69
10 17
7 37
9 59
7 97
7 0
10 73
2 83
4 36
5 9
6 62
6 17
2 11
3 20
9 61
9 45
7 79
10 80
5 7
9 80
5 76
7 37
5 62
7 52
10 5
3 6
4 34
1 6
3 96
9 1
7 9
1 36
2 73
5 10
6 15
5 53
8 52
9 74
5 18
9 12
8 77
10 27
4 67
8 61
1 5
9 13
5 22
7 74
10 9
5 81
10 10
1 70
6 27
4 3
10 71
9 19
1 81
3 13
10 19
7 83
1 87
10 51
8 33
2 43
7 83
7 10
8 52
1 54
2 24
2 7
4 19
9 9
10 35
7 66
10 32
4 32
6 76
10 53
5 32
5 48
2 22
4 74
4 16
1 28
2 33
6 39
2 9
9 76
10 26
2 10
5 95
8 98
9 52
10 55
3 60
4 75
2 73
6 49
5 76
4 83
9 50
8 75
1 66
6 66
8 5
2 10
10 62
2 16
10 83
8 89
3 63
10 75
10 21
6 73
2 86
3 91
9 22
8 28
9 3
9 16
7 95
8 26
2 89
4 43
7 48
8 4
6 79
6 64
4 82
7 89
4 57
10 79
10 32
5 13
7 64
7 74
6 23
7 28
2 31
7 72
4 44
9 57
3 42
9 92
10 19
3 96
6 0
4 12
8 14
3 16
5 21
2 76
10 90
4 84
5 36
6 11
5 90
10 19
5 27
5 60
9 32
8 41
8 48
8 87
6 81
8 100
5 94
7 58
5 74
6 25
7 18
9 72
3 19
6 14
2 23
8 88
5 60
10 88
8 9
3 67
3 52
5 100
5 64
5 80
9 88
2 47
5 75
4 86
5 28
5 62
8 59
2 92
6 65
5 75
5 87
5 54
3 87
4 36
1 55
7 42
2 91
6 41
2 92
3 73
6 82
9 59
3 43
6 69
4 68
3 93
2 46
9 74
10 93
9 90
7 50
1 55
6 11
3 19
7 34
2 9
4 64
2 79
7 76
4 64
3 32
5 75
3 40
2 84
8 76
4 14
10 83
3 53
4 99
3 70
5 81
6 29
1 78
5 46
4 92
8 63
5 12
2 19
1 36
2 47
6 86
6 51
4 87
3 8
9 87
1 16
6 2
6 8
9 84
2 85
4 76
7 79
7 68
2 52
7 6
9 63
10 58
8 82
10 49
7 42
2 26
4 58
8 88
3 61
3 13
4 19
3 30
1 39
6 11
4 94
1 14
10 55
10 95
5 58
3 23
10 8
10 63
9 88
2 25
2 48
6 77
2 13
8 12
9 73
8 65
7 97
7 21
9 54
10 31
4 89
8 36
6 65
9 20
5 15
3 48
4 79
6 60
7 77
1 62
4 31
1 16
1 66
8 2
5 74
4 8
3 64
10 8
4 49
8 59
5 35
2 58
1 61
10 86
9 18
3 74
10 48
7 19
9 49
2 1
7 90
10 19
5 45
6 8
7 10
10 58
1 12
6 80
7 78
5 65
1 57
9 78
3 13
10 20
5 66
6 90
7 46
1 88
4 85
1 88
3 43
2 33
1 51
8 1
6 33
1 62
9 23
3 12
1 5
8 17
9 56
3 48
5 28
2 47
7 48
9 34
10 44
7 2
2 61
7 2
9 98
10 48
9 67
7 11
10 75
3 80
8 76
3 0
7 42
9 69
6 53
8 57
8 65
3 71
1 48
8 24
2 53
10 61
2 71
1 92
9 89
5 81
7 94
10 99
10 73
5 53
8 99
6 33
4 64
6 37
4 47
5 3
10 37
7 73
4 79
8 75
8 29
9 43
6 82
5 91
5 6
6 6
4 98
2 79
2 90
6 47
5 30
3 48
6 50
7 80
8 67
10 3
7 75
7 88
4 66
3 87
4 75
3 23
3 98
9 32
9 26
6 67
8 26
4 24
9 55
5 40
6 46
9 67
7 45
1 21
10 81
8 67
3 41
4 71
10 27
10 1
9 2
6 61
3 72
6 53
3 29
4 18
1 7
9 44
5 21
2 57
5 89
2 51
2 73
10 5
6 51
7 18
5 84
1 23
10 70
7 98
6 99
7 81
2 12
5 86
10 13
4 20
1 96
9 74
9 15
4 88
7 91
4 4
4 95
6 99
5 16
6 71
4 62
1 75
8 75
3 11
6 94
9 98
3 88
5 98
2 48
8 7
2 99
7 88
7 42
4 6
4 25
1 99
2 71
8 75
9 91
6 34
6 77
5 74
1 98
10 54
3 18
9 100
6 59
6 34
1 92
7 96
4 40
1 38
2 31
9 72
5 28
9 68
6 75
10 51
1 39
7 1
1 98
1 27
8 4
3 80
6 62
8 31
2 23
2 65
3 3
9 81
5 69
4 9
10 95
9 50
8 43
9 29
6 10
8 43
3 63
5 59
5 92
8 6
5 21
6 42
8 69
3 50
10 68
9 57
3 26
5 23
4 14
1 92
4 57
8 15
1 54
10 4
5 7
9 88
3 73
8 72
9 2
5 92
1 3
3 20
7 1
7 28
8 10
3 76
7 72
1 37
2 22
3 4
1 15
4 13
6 94
3 9
10 2
7 85
9 82
6 9
9 7
7 2
2 9
10 68
3 59
7 92
4 49
9 94
2 80
8 2
10 27
8 23
10 30
10 35
1 40
8 27
10 17
9 13
1 34
3 1
3 52
8 83
2 71
6 92
5 39
2 31
5 92
7 18
6 91
8 32
10 44
7 2
6 66
6 94
1 92
10 9
6 40
6 37
3 98
5 54
1 61
9 78
4 92
7 10
9 95
7 70
2 46
8 25
7 71
7 20
4 34
9 70
10 28
8 93
2 55
9 53
3 4
2 52
5 31
9 30
2 26
4 35
3 6
4 95
2 42
1 30
3 73
9 20
10 51
8 3
1 33
6 0
1 75
10 28
1 2
5 87
7 62
5 69
10 33
2 30
1 8
6 30
5 17
4 17
2 3
10 83
7 87
4 31
9 80
10 55
2 87
8 8
6 39
8 83
7 1
2 60
8 29
10 21
9 34
9 71
7 48
7 97
9 20
3 1
8 23
6 0
10 20
9 43
9 36
4 22
6 95
10 82
6 60
2 36
2 53
6 22
7 2
8 24
3 0
8 52
6 21
9 79
8 44
7 10
10 56
3 47
4 34
2 12
1 7
4 32
3 30
3 78
9 54
7 100
1 21
7 77
7 8
1 93
4 34
2 63
8 51
3 48
2 83
4 89
10 78
2 89
1 25
2 30
5 54
4 4
3 91
6 79
7 48
6 16
4 8
2 75
3 79
8 50
3 49
3 93
6 37
9 14
2 44
7 31
9 79
2 19
3 13
1 24
10 4
2 81
6 97
8 77
3 69
8 1
2 36
8 61
2 22
9 80
5 47
7 92
4 90
1 6
5 33
10 25
2 46
8 41
2 31
2 5
7 76
8 94
9 3
9 98
3 82
7 87
1 79
5 52
5 37
7 43
7 30
2 65
2 26
1 48
1 30
9 70
8 21
1 59
5 16
1 18
1 81
2 51
2 0
9 55
8 40
6 79
6 14
9 6
8 60
10 2
4 7
8 99
7 48
7 29
1 63
2 75
1 28
6 30
4 88
8 19
4 84
3 68
5 66
10 75
3 35
7 15
9 73
8 2
9 89
6 71
5 72
6 35
8 32
9 43
1 20
7 100
6 65
2 6
6 70
7 24
4 4
7 64
2 99
6 22
8 61
10 22
7 15
10 23
5 37
3 41
6 55
4 98
3 48
5 60
9 80
3 78
6 18
2 2
10 68
9 80
10 71
7 42
2 10
9 66
3 11
2 19
9 54
2 59
10 11
10 87
4 92
9 76
9 76
1 80
5 87
7 18
1 60
7 45
7 26
4 18
5 92
2 41
8 97
8 51
4 21
7 6
10 47
9 55
3 100
2 5
4 87
1 83
10 18
1 93
6 6
4 34
7 84
7 1
2 32
9 55
10 4
2 66
3 58
10 11
9 99
10 92
6 18
4 43
8 40
5 6
9 18
10 65
6 85
2 78
10 88
9 86
7 15
5 97
1 1
10 58
10 97
3 73
8 16
5 29
8 64
8 43
3 96
9 19
8 79
1 54
6 74
6 21
4 66
9 86
1 97
6 81
6 54
3 27
6 56
2 19
7 46
4 12
9 50
2 57
6 50
8 53
8 56
3 90
3 70
2 54
8 19
4 81
2 57
1 87
4 14
10 11
2 44
3 69
4 29
10 95
3 19
2 95
6 2
1 70
10 13
8 99
3 9
1 52
9 75
6 44
8 79
2 98
6 29
4 31
10 92
5 27
4 98
7 71
6 95
7 13
3 8
3 96
1 70
1 34
10 46
10 0
6 65
5 55
1 2
3 100
1 56
8 83
5 96
5 15
1 8
9 74
8 16
8 100
10 58
6 6
3 39
10 18
2 55
7 58
6 18
9 24
7 4
4 9
1 17
4 68
10 13
10 14
5 28
7 61
8 59
7 48
7 78
7 50
2 100
7 11
10 58
4 53
5 45
4 95
2 37
10 15
1 5
2 43
6 31
7 49
8 80
5 22
7 75
7 89
8 21
7 45
1 71
1 30
4 9
4 24
7 92
7 82
7 4
9 83
1 45
5 52
2 3
9 27
3 51
8 73
10 46
10 1
8 27
9 99
1 59
2 68
4 86
10 13
3 87
4 84
4 33
6 0
6 43
5 83
3 43
3 69
2 89
5 85
2 93
8 31
10 93
9 41
5 43
8 60
10 85
6 40
9 19
3 65
2 85
3 30
5 74
3 67
4 57
6 62
8 13
9 65
1 10
4 82
6 0
10 23
3 19
1 75
8 46
2 82
9 99
6 57
2 92
10 53
4 15
4 53
4 47
4 24
3 8
2 86
4 22
4 70
4 63
8 69
2 15
3 68
7 55
8 31
4 90
9 12
7 8
9 30
3 35
8 49
8 38
8 83
7 7
2 54
1 8
2 10
8 44
7 53
4 94
7 50
8 25
5 93
4 51
8 40
7 60
2 95
3 52
4 76
3 67
2 54
10 88
3 82
5 79
9 4
7 1
1 17
1 45
8 12
9 32
10 64
8 33
1 60
2 40
2 45
8 49
6 37
7 99
6 31
1 28
5 38
8 51
5 31
10 68
7 56
10 91
8 6
1 65
3 79
2 2
4 22
4 9
7 30
4 68
1 62
9 87
5 82
9 18
3 65
6 57
2 28
8 72
6 61
2 60
2 42
5 78
4 94
5 35
1 89
9 56
1 38
8 2
2 33
9 53
1 34
6 76
4 57
3 37
10 13
7 23
2 72
6 24
1 84
2 5
10 25
2 19
10 72
10 15
3 10
3 21
1 30
3 57
10 20
6 55
6 43
10 29
8 19
8 87
4 52
7 16
8 55
1 43
5 58
1 74
1 46
7 32
1 61
7 62
2 77
6 21
2 88
1 84
5 8
4 5
1 16
3 53
1 40
2 92
9 44
10 74
4 20
5 65
5 54
7 38
6 80
4 64
4 31
4 59
8 12
7 9
1 74
6 28
8 42
8 52
3 25
9 59
9 61
10 12
9 21
3 17
7 39
1 73
3 76
1 89
5 100
9 71
1 92
1 97
7 100
6 61
5 56
7 39
1 92
8 38
8 74
1 44
9 33
7 98
8 4
1 75
1 79
1 100
6 69
7 53
10 64
6 98
2 70
10 37
10 15
6 8
5 45
7 0
1 45
10 84
5 59
4 26
2 8
7 57
10 38
5 36
2 80
7 56
8 92
5 73
9 27
3 56
1 38
2 35
3 27
9 65
6 50
5 89
9 90
5 93
6 99
7 48
5 95
2 26
1 99
1 3
9 34
7 100
8 26
5 52
1 2
3 14
8 15
10 66
4 86
7 5
4 25
5 59
7 59
8 58
4 38
10 99
1 81
9 39
6 6
6 60
4 27
6 35
9 56
2 15
9 30
6 63
8 63
4 8
4 37
1 29
10 37
10 83
2 28
1 56
5 0
6 63
6 66
7 18
10 58
1 15
4 67
7 78
2 85
10 24
3 70
3 96
8 71
1 7
5 12
8 96
1 67
6 33
5 76
9 15
1 43
5 85
2 38
8 5
5 42
4 48
1 24
10 85
2 28
4 27
5 81
7 26
2 8
8 17
3 65
4 69
2 81
1 20
7 54
10 33
1 6
8 60
1 46
7 70
6 27
5 55
5 54
8 67
5 6
8 88
9 52
9 77
8 5
9 67
2 61
5 35
5 36
5 50
8 13
7 74
5 68
9 99
1 28
9 35
7 25
10 16
3 98
2 49
8 91
9 33
5 4
7 0
5 25
4 40
5 44
3 30
2 22
5 67
7 60
4 98
9 51
10 0
7 19
6 44
5 66
7 65
2 11
9 85
4 36
6 19
7 59
2 49
3 77
7 13
2 91
8 26
10 1
9 7
4 92
3 87
2 78
8 72
3 54
7 91
10 69
9 45
7 27
9 14
4 74
6 62
9 17
9 20
7 56
2 12
4 16
5 30
6 13
4 2
6 13
2 58
10 10
2 61
3 32
2 49
3 8
6 89
8 4
10 76
5 61
10 6
4 72
4 64
1 6
9 23
1 42
2 46
4 21
8 92
5 2
5 25
8 59
2 23
3 78
7 16
9 31
4 17
6 41
4 86
4 65
6 29
5 71
6 33
6 74
9 20
6 63
9 68
5 23
10 39
8 22
7 40
7 17
4 0
3 87
2 53
7 4
6 7
6 53
4 48
10 19
7 6
6 68
9 11
7 22
7 23
8 71
1 10
3 58
1 95
9 42
3 70
1 84
7 24
3 26
6 83
6 62
2 61
2 54
8 89
2 41
10 47
2 88
8 65
7 8
3 30
9 92
9 88
10 94
6 89
10 79
9 12
8 54
8 67
9 82
9 100
7 13
10 16
8 44
10 28
1 91
10 30
6 12
8 20
4 8
5 15
10 10
3 19
10 7
2 80
9 41
1 53
8 13
10 61
4 19
2 91
1 72
1 47
10 20
4 17
2 29
7 29
3 61
10 75
1 38
2 100
6 100
7 62
6 81
1 75
4 53
2 94
9 69
4 2
7 50
8 8
3 56
8 97
6 24
7 36
10 3
10 52
9 44
4 38
6 83
3 64
10 52
8 70
8 85
6 12
6 53
5 89
5 63
5 77
4 8
8 77
2 30
9 27
10 66
4 54
1 69
3 54
9 37
9 23
6 98
10 38
7 17
6 75
6 46
7 91
10 39
4 15
9 58
10 98
8 23
10 64
6 51
10 42
5 4
5 3
6 12
4 77
7 56
6 8
10 79
1 22
4 68
7 79
9 50
1 77
10 44
10 38
9 2
10 94
7 93
2 17
2 0
1 81
2 65
8 71
3 89
6 67
6 22
8 8
7 28
4 59
10 10
6 28
1 51
8 86
9 24
9 81
3 72
8 64
10 10
5 62
10 67
4 19
5 99
5 35
10 17
6 44
7 62
4 72
10 93
10 35
8 94
8 84
5 53
8 6
5 87
2 95
1 83
2 33
3 100
6 4
7 2
9 20
10 89
4 29
5 35
7 100
7 70
3 67
10 79
3 31
5 61
10 77
5 66
9 4
9 19
7 76
2 77
6 4
4 12
3 45
2 14
7 97
1 87
8 43
3 86
9 66
9 10
4 29
7 7
7 14
8 61
9 10
10 53
1 38
4 90
3 77
4 7
6 96
4 80
2 91
1 13
5 100
8 27
10 56
3 14
4 22
5 3
1 20
5 52
7 3
4 8
1 88
9 66
6 46
8 56
5 20
4 84
5 13
10 46
1 9
2 98
7 20
8 5
4 90
1 11
7 42
5 20
6 0
5 10
10 53
1 6
4 84
3 5
9 52
4 21
4 61
9 34
1 96
2 89
6 56
6 7
7 84
6 94
1 93
3 34
2 68
1 41
2 76
8 20
1 42
4 63
9 10
4 72
6 17
3 0
6 11
8 58
6 95
7 79
5 51
2 27
8 64
6 92
2 6
8 73
1 48
3 28
3 6
7 7
4 19
9 28
6 94
8 47
10 63
9 69
4 50
4 49
9 65
3 65
8 57
7 73
9 8
1 45
10 85
4 97
7 90
9 54
2 4
7 73
8 63
5 75
7 28
3 54
4 90
10 52
1 28
1 66
4 44
3 82
8 55
6 49
10 61
7 25
9 53
3 75
3 39
10 34
1 48
10 19
9 26
8 36
9 34
10 0
6 16
6 75
1 98
10 38
4 43
6 24
10 95
3 67
1 23
5 94
4 73
10 39
8 93
8 89
2 17
1 89
6 93
4 93
6 84
5 0
5 18
6 100
8 36
6 57
3 38
2 63
5 10
6 11
6 3
1 93
2 55
9 52
9 2
9 39
3 70
6 2
10 27
3 66
3 87
8 62
5 76
2 7
1 57
6 16
8 8
8 60
1 20
5 49
8 3
9 46
6 76
6 66
6 5
3 14
8 100
8 40
4 84
5 55
8 53
8 98
1 86
10 12
3 90
5 29
1 74
1 28
1 39
4 63
8 33
6 6
5 91
7 72
1 52
7 55
3 18
5 21
4 47
1 64
8 93
5 4
3 67
2 31
1 84
5 35
1 4
7 42
1 84
6 33
9 58
9 0
9 35
4 56
3 17
9 87
7 62
3 50
1 95
10 92
3 91
1 82
10 57
2 31
10 35
6 10
8 39
8 62
2 20
8 33
10 76
1 8
3 82
3 24
2 21
9 87
3 28
9 6
8 3
8 36
3 85
7 30
3 78
4 98
3 32
5 13
6 4
6 22
6 48
2 23
1 35
4 62
2 100
4 82
7 91
8 46
7 8
10 50
3 33
2 96
6 46
5 33
8 6
8 74
6 90
2 13
2 17
1 95
10 79
8 67
5 41
3 59
1 26
2 18
7 27
4 93
6 22
6 29
6 28
4 68
7 26
5 9
1 79
9 58
4 85
10 92
6 15
7 99
3 1
10 4
7 66
2 74
3 6
8 57
7 0
6 57
4 76
1 41
5 68
10 15
9 68
3 22
5 44
4 45
9 88
8 80
9 16
3 1
9 93
5 73
9 27
1 21
8 87
2 20
9 81
2 5
3 27
4 59
7 16
10 51
2 48
3 9
10 28
5 61
3 83
9 24
9 84
2 77
8 31
1 33
9 11
8 25
5 40
1 55
9 66
5 61
6 70
3 34
4 5
7 4
1 1
5 75
8 95
2 56
10 32
6 29
2 62
9 59
4 16
5 9
3 23
4 100
6 18
7 93
7 19
4 37
3 70
5 17
5 65
7 67
6 48
9 70
9 45
5 58
1 75
8 93
8 98
6 61
6 22
4 38
8 0
4 17
9 98
6 23
3 6
6 0
1 30
1 99
6 36
2 66
7 3
1 18
3 99
4 95
3 8
1 94
7 99
2 28
9 48
8 5
3 11
3 99
4 94
2 85
10 71
9 49
9 9
4 51
7 77
3 76
6 9
4 71
3 56
10 26
1 38
10 78
8 89
9 95
7 69
10 86
2 63
4 70
1 19
7 93
6 30
3 8
8 81
7 31
1 15
3 19
4 2
5 11
5 54
2 95
10 2
8 83
3 4
3 92
3 96
9 45
2 30
6 2
7 28
10 45
9 82
3 77
1 40
2 98
6 55
5 51
6 5
2 8
8 92
1 24
4 73
8 99
10 51
4 90
5 72
6 90
9 39
9 36
10 18
4 27
8 81
3 74
3 71
6 71
10 6
5 14
5 45
9 58
4 85
1 87
1 20
9 23
5 61
6 83
2 62
2 70
1 17
1 40
1 22
9 6
7 11
5 86
6 49
8 12
2 72
6 81
5 24
3 83
9 80
4 48
10 32
4 94
9 20
6 88
5 63
4 42
1 25
8 14
8 91
1 46
4 75
6 44
6 100
10 82
8 63
3 71
7 50
4 69
4 63
7 50
6 86
8 2
4 57
4 52
2 78
2 35
3 88
4 58
3 92
5 45
7 77
4 28
9 93
10 10
2 98
7 16
8 2
4 50
10 22
4 52
5 14
5 49
8 67
6 24
4 97
10 51
6 65
2 45
1 88
2 57
4 41
7 6
6 71
1 53
1 32
4 32
2 62
4 8
1 32
5 13
7 0
3 32
1 48
1 0
10 96
8 59
4 55
8 64
6 83
3 76
3 57
1 96
4 37
10 97
1 20
7 42
1 45
1 24
3 45
6 57
3 60
8 59
5 44
2 5
4 76
4 89
9 91
4 66
5 18
2 65
10 76
5 46
2 6
1 33
2 38
9 84
5 29
2 88
6 53
4 78
6 44
8 84
5 16
1 33
1 39
7 49
7 19
10 57
8 96
10 86
7 52
8 26
2 33
10 16
1 66
7 27
5 73
10 37
5 50
7 87
7 34
9 84
6 67
6 26
7 85
5 29
2 85
3 16
6 100
6 56
8 10
1 31
10 61
6 16
2 57
10 79
6 44
6 40
6 60
2 89
4 98
6 51
4 65
1 8
5 70
5 68
9 56
1 87
3 77
8 58
9 58
2 50
9 54
4 22
1 75
2 44
10 78
8 20
1 70
7 66
9 15
1 84
2 0
7 13
7 82
1 24
1 47
1 100
10 77
4 38
6 46
5 4
1 83
1 14
2 22
2 55
2 90
1 99
8 73
9 49
1 7
9 2
6 59
8 25
6 7
9 17
3 98
9 85
2 82
9 66
10 96
7 74
3 72
2 63
10 3
2 75
2 91
9 17
10 21
1 3
10 37
3 62
2 50
2 63
5 8
10 23
2 5
6 10
2 11
1 60
4 16
1 78
1 89
10 62
9 51
4 52
3 98
3 60
6 18
1 78
5 50
9 48
2 14
5 55
10 86
5 50
9 64
9 54
4 94
10 33
2 65
3 96
6 31
2 82
2 24
5 96
3 36
7 95
2 23
6 96
1 9
10 45
6 5
1 51
7 22
3 35
1 53
9 65
2 68
9 44
1 25
7 92
10 34
9 42
4 83
1 82
6 84
1 45
4 67
6 54
4 56
4 70
1 12
6 52
4 99
4 86
6 52
2 100
9 16
6 33
9 8
7 75
5 3
5 44
7 59
10 2
2 92
3 59
10 99
2 1
4 37
10 65
3 11
2 41
6 0
1 80
4 15
6 2
5 76
6 89
6 47
3 18
1 9
9 93
9 55
2 93
3 21
8 31
3 80
9 72
2 80
1 33
7 61
1 45
3 68
2 54
8 74
5 64
4 65
10 29
9 15
2 44
5 40
7 83
8 50
7 72
2 9
1 47
10 98
7 56
5 82
4 4
1 25
7 52
8 15
4 55
5 70
3 40
3 83
6 8
10 66
3 91
10 98
3 82
8 47
9 19
7 14
8 28
7 1
1 12
3 65
6 0
10 37
5 86
8 14
2 41
2 12
8 34
2 19
4 42
6 86
10 24
2 63
5 11
8 48
3 59
4 42
8 14
1 84
4 22
3 74
6 72
2 12
9 25
7 97
5 70
6 77
1 85
4 26
7 47
2 57
8 27
4 86
5 71
4 42
3 65
8 27
3 40
2 2
1 15
5 13
7 49
3 16
4 49
9 29
5 56
3 58
7 0
7 100
3 70
6 72
6 63
5 40
2 90
4 77
1 34
2 64
8 7
2 91
8 74
5 60
3 31
1 92
8 53
4 18
10 97
4 41
7 81
5 76
2 90
4 24
4 29
7 82
2 34
6 51
7 42
10 48
8 50
7 44
7 85
4 36
8 69
5 34
6 9
7 76
7 35
5 35
10 88
3 51
6 99
2 8
9 51
7 36
10 54
8 85
2 30
6 25
7 12
5 33
8 17
1 7
8 9
3 73
7 67
3 6
9 58
3 3
7 1
5 26
10 97
8 21
6 17
4 27
2 3
7 1
5 22
7 73
5 19
9 67
4 32
6 15
4 48
9 4
3 38
10 14
4 86
1 92
5 5
9 24
8 0
3 75
10 30
10 13
7 13
6 23
4 32
3 8
9 83
2 69
6 99
5 66
8 65
6 10
5 47
9 36
3 36
10 87
5 36
2 48
6 94
9 98
8 9
5 92
6 60
5 93
9 45
3 77
6 55
5 4
2 91
3 4
1 86
1 62
9 10
9 25
10 0
6 47
4 72
10 22
9 52
6 66
4 17
10 90
3 63
3 24
1 33
5 8
7 31
10 42
6 19
2 15
5 42
5 26
9 94
3 39
8 46
5 44
9 65
6 67
9 61
5 49
6 89
8 87
5 54
4 98
8 34
10 71
5 55
8 16
10 12
6 4
9 83
2 78
4 17
8 85
8 95
6 54
4 77
9 82
6 21
6 56
7 46
4 48
1 10
4 59
2 6
1 31
2 20
2 56
6 36
9 1
8 89
8 32
8 39
3 24
8 46
8 17
2 3
6 20
1 42
7 27
5 3
4 86
2 45
7 76
8 67
10 86
6 60
3 16
9 90
9 97
8 23
5 5
7 60
1 90
2 61
8 65
5 20
8 42
2 23
9 52
5 46
10 62
7 57
1 100
7 61
4 81
6 82
3 38
1 26
3 43
4 23
2 29
6 20
4 53
10 44
4 48
10 44
7 0
6 26
10 82
9 78
2 2
3 83
8 62
3 47
10 55
6 74
9 49
6 94
1 60
8 37
10 85
6 49
10 68
6 66
1 91
7 55
4 51
3 86
7 36
1 40
10 74
10 61
5 84
8 42
9 20
10 83
7 90
8 83
10 59
10 14
1 19
1 94
8 7
9 92
10 54
8 11
3 30
1 91
3 93
7 86
4 52
3 37
1 78
5 20
8 38
9 74
9 27
4 3
10 43
8 96
3 96
7 73
2 29
1 77
4 29
5 47
1 76
1 3
4 33
1 2
5 92
1 21
8 14
7 39
3 32
7 78
8 65
4 57
5 72
8 31
8 73
4 15
7 89
1 16
3 16
6 7
4 18
10 37
1 14
10 32
7 83
7 35
9 59
7 99
3 45
6 21
4 100
3 47
7 47
8 70
8 16
7 86
10 91
3 59
1 46
8 54
8 68
10 21
9 38
10 5
9 8
1 99
1 34
9 93
9 82
6 13
1 50
4 60
10 43
1 52
2 10
5 79
7 87
1 43
3 40
8 68
8 79
7 16
9 59
2 15
5 19
4 38
5 41
7 52
1 78
3 37
5 45
2 55
8 32
1 100
4 7
10 94
5 99
7 20
7 0
5 33
8 8
10 34
10 44
1 30
3 45
4 64
7 33
5 1
2 11
4 92
1 57
3 23
1 81
5 90
10 88
10 81
10 6
7 90
3 86
9 23
4 96
2 38
8 76
4 92
6 34
9 30
4 91
10 78
2 70
8 10
2 54
3 60
10 48
2 64
10 98
2 19
9 8
2 94
5 93
2 85
2 21
6 91
2 92
6 62
3 67
5 35
7 70
8 45
1 16
8 85
10 85
2 40
10 27
4 94
3 11
6 50
1 78
8 54
6 33
5 26
7 68
7 95
7 5
4 10
8 76
4 42
9 73
6 48
10 88
8 63
4 94
3 71
1 12
8 4
4 90
3 24
8 80
7 95
7 96
9 94
4 97
8 0
9 9
9 28
10 55
3 2
4 59
5 6
10 0
6 14
8 39
9 73
9 34
1 38
1 20
7 6
5 85
4 41
8 41
10 83
6 64
9 86
7 5
5 39
7 10
3 32
8 86
10 91
5 18
7 52
8 21
5 48
7 60
3 23
8 7
7 33
9 85
5 48
9 84
10 21
8 76
1 90
3 20
6 3
10 59
4 39
9 36
7 50
3 5
7 11
5 55
1 11
10 65
6 83
2 27
6 1
1 70
5 1
7 61
5 2
9 59
4 40
9 11
8 22
5 13
2 1
9 21
1 57
5 19
10 72
2 36
8 78
5 19
8 49
2 74
5 86
4 46
8 10
5 91
10 15
6 18
3 73
6 44
8 90
8 33
6 18
4 86
6 6
2 14
4 97
10 86
2 15
2 46
4 83
10 41
1 74
6 90
6 73
7 12
5 43
8 23
10 11
2 23
2 70
10 23
2 29
9 47
8 75
8 68
10 69
1 42
5 64
6 37
3 24
1 79
10 33
8 39
7 43
2 25
4 30
8 0
2 31
6 14
2 61
9 39
8 70
7 62
9 88
8 71
3 1
5 44
5 31
7 47
7 91
1 98
6 39
6 2
3 42
3 37
7 63
1 96
2 10
3 2
6 12
2 66
5 86
3 46
3 48
8 1
9 67
3 100
4 15
7 88
5 62
4 20
10 65
9 97
4 96
7 59
4 37
9 69
6 32
4 33
3 35
3 74
6 40
2 54
5 59
5 14
1 26
7 14
6 77
10 45
6 43
3 84
5 93
2 56
9 7
6 21
8 57
2 85
1 73
7 49
10 83
1 18
5 66
10 39
10 97
5 48
8 29
4 7
9 8
10 95
9 86
6 8
10 47
8 98
9 44
1 85
9 67
2 16
4 33
2 59
1 68
6 18
7 1
6 100
7 72
7 82
7 30
5 54
8 56
2 57
2 11
7 37
10 43
2 17
5 49
10 64
5 80
9 36
5 56
7 3
6 11
8 58
4 98
6 99
8 84
10 5
7 98
9 71
5 31
9 100
6 92
5 22
4 53
2 64
7 37
8 85
7 65
4 37
7 46
2 30
5 91
6 100
3 48
2 95
8 72
6 45
9 21
6 54
5 64
7 92
6 28
1 1
8 54
9 48
4 82
7 52
2 33
6 43
1 60
3 35
4 77
6 79
1 85
2 60
7 97
5 22
2 49
7 12
3 66
8 55
6 56
2 38
8 100
7 64
2 16
6 25
10 64
2 0
7 42
10 74
5 74
8 56
8 94
2 93
3 84
5 75
9 53
8 25
5 9
7 27
2 76
3 93
6 24
9 5
9 84
2 3
5 76
8 65
7 30
9 2
6 88
1 5
7 2
1 46
4 11
5 99
4 2
4 99
7 23
5 8
4 29
6 42
4 85
9 40
1 54
1 67
7 82
8 84
8 47
6 77
7 21
2 38
1 42
8 70
8 62
6 40
4 13
9 84
10 63
3 88
10 99
6 82
8 47
9 1
9 3
9 65
5 91
4 12
10 53
3 10
8 80
6 89
3 4
8 73
6 11
10 88
6 51
10 35
8 80
9 73
1 71
2 64
9 5
6 77
5 92
8 6
9 46
10 90
8 96
5 38
2 19
4 84
5 75
4 33
5 49
10 45
7 54
7 26
8 89
10 17
5 88
2 26
7 2
8 51
6 6
4 75
4 92
6 23
9 39
2 41
2 46
1 53
7 55
3 93
3 41
3 36
10 8
3 95
5 63
1 5
10 20
2 37
1 63
3 14
1 12
2 24
7 23
7 77
6 65
6 85
8 48
3 17
2 73
7 94
6 16
8 23
1 13
2 55
4 6
8 72
8 53
5 9
9 4
4 79
3 13
10 8
10 59
10 15
3 28
6 21
4 58
3 62
7 75
7 5
3 9
10 94
1 62
4 30
3 8
3 46
6 3
1 87
3 54
4 40
8 90
2 11
2 68
5 59
1 79
9 75
2 56
1 60
9 10
1 43
1 28
3 0
7 62
4 14
4 33
1 72
10 89
1 67
10 19
5 68
9 48
4 31
10 39
9 95
7 20
9 77
8 26
9 99
8 0
10 40
4 0
7 98
4 41
1 39
4 50
6 68
6 57
9 93
3 68
5 59
7 35
1 95
7 99
1 1
3 54
6 46
1 4
2 21
8 10
9 8
7 61
9 88
7 47
2 11
6 15
5 1
1 18
8 70
8 97
5 17
1 6
2 34
5 5
1 62
8 44
3 72
10 40
4 92
8 51
3 32
10 64
2 58
2 15
7 37
2 99
3 71
8 24
2 52
7 64
3 88
2 20
6 46
3 54
8 73
3 31
8 85
7 75
9 72
9 65
5 53
3 20
7 93
4 10
5 97
5 9
4 73
10 73
10 45
10 3
5 70
10 64
7 8
5 74
5 39
3 78
8 38
10 27
5 66
4 75
6 53
7 65
6 97
10 84
6 63
3 85
9 56
5 81
1 51
3 67
8 82
9 91
4 99
4 63
3 16
7 89
3 28
8 75
6 43
3 26
9 32
6 88
9 84
2 15
5 93
4 23
6 90
8 2
4 86
6 42
3 58
3 16
2 46
2 14
5 63
1 97
2 59
6 35
4 66
2 98
3 45
10 19
3 35
2 54
3 91
1 100
4 81
3 43
3 31
5 93
5 13
6 94
2 64
4 64
8 67
6 53
5 17
9 11
9 6
4 58
3 31
7 67
2 56
3 77
7 81
3 15
2 17
4 7
10 33
8 40
3 18
8 76
8 34
3 65
5 77
3 0
4 90
10 39
2 87
1 49
7 61
10 6
4 29
2 64
10 72
7 88
5 79
10 40
7 93
7 42
6 28
7 22
5 52
3 68
10 71
4 81
1 57
8 34
2 86
9 81
1 13
10 6
3 36
8 51
3 95
3 7
5 4
1 33
3 71
7 20
3 51
3 80
10 86
5 88
7 79
6 37
9 90
3 27
5 27
10 5
8 88
5 61
6 98
5 40
3 91
5 11
5 38
8 7
3 67
3 62
1 4
1 35
7 15
3 64
8 44
9 87
9 94
1 79
2 99
2 59
9 83
7 72
8 92
9 12
5 33
3 96
4 16
1 37
2 97
3 79
4 93
4 16
10 82
8 84
9 12
2 44
3 26
4 48
1 50
1 20
8 1
1 19
10 82
1 9
3 42
8 50
2 45
3 48
8 47
2 23
7 47
8 52
4 77
8 21
9 27
7 77
1 100
5 98
4 61
4 3
1 34
5 56
9 2
1 64
5 41
4 43
2 34
5 43
9 70
9 66
7 65
9 41
10 17
1 47
8 35
1 95
6 65
8 86
1 33
7 51
1 28
1 51
2 71
6 92
3 2
10 32
3 76
6 100
2 38
5 2
5 2
8 35
1 32
2 95
1 87
10 30
5 6
4 1
3 92
4 24
1 80
1 79
10 58
6 26
3 13
6 47
4 50
5 82
4 11
3 93
9 60
7 58
7 41
6 92
7 24
10 22
8 21
6 76
10 54
5 41
1 63
10 53
2 70
8 89
5 43
4 63
10 19
3 52
1 88
8 93
9 3
9 14
3 8
5 26
3 81
7 60
8 25
8 96
7 79
4 31
5 28
7 19
9 28
10 75
6 3
4 6
4 53
6 9
3 87
10 32
3 29
1 48
1 63
10 1
4 73
4 15
2 18
4 86
9 20
7 99
10 34
6 99
2 71
6 29
5 39
3 13
8 15
4 85
1 48
2 76
1 12
8 54
8 1
6 31
9 7
10 23
5 32
4 35
6 91
2 69
6 87
10 16
9 49
6 16
2 22
9 100
1 62
8 66
8 74
10 84
4 76
7 97
1 24
1 61
9 58
1 65
5 6
4 43
4 32
1 39
1 52
10 100
5 40
1 81
8 36
6 27
3 93
1 77
1 98
7 81
4 88
8 29
8 25
1 75
5 7
2 57
5 94
2 62
10 83
2 44
3 55
5 88
6 37
3 42
1 2
9 85
2 22
9 95
3 75
4 67
8 61
9 84
10 74
6 22
3 98
1 99
6 59
6 34
6 77
4 30
6 71
1 87
1 62
3 36
2 43
5 58
1 78
3 9
3 2
4 99
1 10
2 8
3 89
2 25
8 54
5 97
8 38
10 98
4 83
1 21
3 85
8 0
2 23
10 94
1 27
5 1
8 11
2 7
9 60
6 44
6 92
4 75
5 0
5 98
1 61
8 66
2 0
4 78
7 31
5 51
6 54
6 99
5 35
8 32
9 67
9 100
8 31
2 92
3 25
3 10
7 82
1 37
3 96
3 65
1 32
5 60
7 100
5 74
9 44
2 76
9 72
7 7
9 47
3 7
10 26
5 65
10 64
8 50
8 37
2 57
6 52
5 74
9 93
10 47
4 84
6 87
6 25
8 71
9 56
3 22
9 91
8 22
7 60
8 66
9 83
3 44
1 61
1 59
9 95
9 70
9 71
1 88
5 17
1 57
5 8
7 34
3 20
7 42
5 20
1 49
10 0
3 58
8 21
3 3
8 70
5 71
10 18
6 24
5 64
5 43
8 54
3 80
6 77
3 47
6 23
6 84
2 79
10 1
2 66
9 7
8 14
10 42
2 94
8 48
8 3
4 12
2 11
8 90
4 75
5 39
9 17
10 74
6 82
10 47
5 77
5 62
9 28
10 25
10 33
5 51
9 26
7 48
9 2
8 49
9 28
3 94
8 18
7 54
5 39
8 30
5 75
7 17
7 35
6 90
5 32
4 11
10 16
1 3
2 39
1 80
10 33
7 46
6 88
1 28
3 30
1 67
4 98
9 50
6 51
1 1
2 4
6 50
7 20
9 10
7 90
10 28
3 17
10 54
10 52
1 30
10 99
8 31
6 30
2 82
8 54
9 54
5 45
1 26
7 36
9 56
5 56
7 84
8 48
4 26
5 50
9 74
5 94
2 35
7 84
2 66
10 47
6 6
8 33
9 39
2 37
6 55
5 6
7 16
8 16
6 69
1 93
7 76
7 41
5 52
5 98
4 88
10 75
1 38
9 58
4 3
9 67
1 15
6 14
8 14
8 32
10 5
6 66
9 58
7 40
10 75
8 51
5 43
6 58
7 81
10 74
8 23
7 48
1 19
7 24
6 38
8 94
3 9
8 69
9 53
9 8
1 34
3 24
3 44
9 88
7 64
6 41
2 38
3 7
2 16
8 99
10 81
4 0
7 45
4 8
4 21
3 95
1 81
4 65
4 17
8 58
6 61
9 84
1 35
3 31
7 69
4 1
4 20
3 33
6 56
8 15
7 65
10 6
2 50
7 80
5 11
7 47
1 76
9 99
2 18
4 39
8 75
8 40
2 13
9 58
10 86
7 8
8 74
3 68
5 56
8 91
9 53
10 66
7 98
8 38
3 84
8 56
6 52
2 90
8 95
10 61
6 49
6 52
7 1
10 23
8 24
7 9
1 22
6 11
3 44
9 89
6 98
4 58
7 2
9 55
1 8
3 23
3 54
7 32
9 94
2 90
7 73
5 13
4 24
5 75
8 91
6 27
8 97
9 20
8 18
5 65
6 32
1 52
7 100
4 1
2 29
9 42
2 84
4 18
7 71
7 88
10 55
6 30
10 0
6 93
4 35
1 5
1 61
5 14
8 95
3 100
3 32
9 81
9 10
1 41
3 98
3 18
7 72
10 36
1 51
3 45
5 83
8 39
10 20
3 43
4 11
5 43
4 2
10 63
10 96
6 51
7 52
1 39
4 75
7 54
1 61
1 54
5 85
5 90
3 76
5 30
2 84
5 46
9 0
1 28
7 35
2 64
8 68
2 8
2 81
8 49
7 54
2 74
7 59
6 63
2 13
7 86
6 68
6 72
1 19
9 91
1 16
10 54
5 100
4 44
7 42
1 17
8 34
9 96
4 58
4 64
9 92
1 8
6 23
9 34
4 8
9 64
5 23
2 81
6 40
5 24
10 80
4 51
9 97
9 1
9 51
7 78
6 25
10 6
5 91
1 9
8 62
3 35
7 18
6 2
10 60
5 26
3 46
3 68
10 35
5 61
1 95
7 90
10 16
4 9
9 24
10 19
1 89
4 12
6 68
9 14
10 93
8 18
10 51
7 46
10 0
7 59
4 40
8 31
7 64
5 77
5 13
2 86
2 49
8 14
2 95
7 88
3 61
2 8
4 55
1 14
6 84
5 43
8 64
2 32
3 96
4 28
5 77
10 6
2 40
10 16
5 5
7 92
2 90
7 49
8 45
10 5
10 82
9 16
9 100
2 60
8 41
1 52
2 45
5 51
7 82
1 83
10 59
10 72
3 24
2 13
7 43
1 29
3 44
4 21
7 40
10 78
3 3
6 4
8 46
2 5
6 56
1 100
6 84
3 63
4 8
10 53
1 14
5 0
9 82
7 87
6 20
9 82
10 90
1 28
8 98
4 82
5 33
8 98
1 78
7 2
1 65
7 46
5 94
1 39
4 2
10 74
5 62
5 5
2 19
3 6
10 93
1 98
2 1
5 45
6 94
5 43
7 8
2 89
6 26
9 78
4 68
2 83
9 39
4 42
7 75
8 3
4 35
2 70
3 36
8 16
9 70
7 72
3 76
4 50
8 39
3 96
4 75
8 91
8 65
10 22
8 86
3 87
7 65
2 46
2 89
2 65
5 65
7 27
7 13
8 59
1 37
1 86
10 62
2 42
9 63
10 55
2 15
8 94
1 23
6 50
3 35
9 69
9 35
1 99
2 56
4 91
10 4
1 59
9 16
9 89
10 93
6 73
1 96
4 98
10 12
2 15
5 68
10 13
2 50
9 24
6 83
5 34
8 66
6 7
7 5
8 64
5 90
7 27
5 99
6 39
1 97
1 62
8 89
5 84
9 35
5 75
5 80
6 11
8 22
8 55
6 100
4 14
2 98
8 20
10 78
7 17
5 75
8 94
8 67
5 40
5 26
1 32
8 63
3 30
4 90
8 100
6 56
5 81
10 11
1 61
3 99
4 24
9 45
3 90
5 54
5 2
10 11
6 42
10 32
2 69
7 69
5 39
10 58
10 74
10 81
9 40
5 38
1 89
6 37
7 59
3 29
6 25
6 85
7 98
10 6
5 53
4 19
7 65
2 75
8 33
5 77
3 38
8 76
10 74
6 39
7 27
10 92
8 17
3 34
3 46
7 34
2 76
1 71
10 69
6 32
5 36
10 15
4 54
1 20
8 34
9 25
3 52
10 46
3 8
2 83
4 45
8 51
9 9
9 51
1 28
9 62
5 56
2 76
3 10
5 10
8 9
8 28
5 68
4 93
9 13
8 58
8 19
2 86
7 75
9 98
9 63
3 48
8 46
6 53
3 48
3 85
9 5
8 76
3 70
3 35
7 23
4 7
6 91
7 57
4 77
8 13
8 30
8 90
4 78
6 61
9 12
4 99
8 40
6 51
10 1
2 82
3 84
2 94
7 51
9 33
3 32
6 58
7 3
3 69
5 18
8 78
2 40
2 64
10 41
2 69
7 63
10 44
10 42
5 91
6 12
2 76
5 75
3 84
7 80
4 30
1 51
10 1
6 42
5 85
7 68
3 52
6 18
4 19
2 61
7 98
7 82
10 52
3 22
1 75
2 99
9 38
10 58
5 54
5 29
7 84
1 45
6 26
2 89
5 10
4 0
10 66
2 45
6 27
6 86
3 83
6 61
2 30
8 52
6 61
4 62
6 84
5 1
10 29
3 12
5 2
6 62
1 71
7 18
4 57
1 19
1 32
10 70
7 40
8 10
10 43
1 26
5 64
7 89
6 51
1 43
1 23
2 44
8 16
6 23
8 60
6 61
1 25
3 43
2 81
3 23
7 47
4 99
6 37
1 82
10 79
2 69
8 100
8 84
4 63
7 42
7 44
4 97
7 74
6 59
4 89
4 88
8 83
1 85
9 16
8 14
3 93
2 92
2 94
1 18
10 69
3 11
2 94
10 15
8 54
6 96
5 66
5 70
10 19
10 87
3 71
8 59
10 15
4 82
5 14
3 89
6 39
7 29
8 10
9 0
5 35
4 75
7 65
1 61
8 14
10 28
10 71
3 44
5 38
5 54
10 26
5 43
7 93
5 8
3 77
2 57
8 56
3 89
10 67
5 69
4 97
9 97
2 40
3 64
10 37
3 17
1 56
1 20
2 61
1 2
6 49
1 24
10 91
2 42
7 81
7 47
10 33
5 62
5 62
4 6
9 56
10 73
8 12
1 63
10 37
9 68
7 4
5 9
8 1
7 64
2 14
7 24
9 22
7 19
7 74
3 44
1 29
10 97
10 11
7 76
8 43
2 87
8 72
10 40
5 1
9 50
7 26
1 91
1 47
5 29
4 59
3 57
2 10
7 19
1 60
8 62
6 10
6 58
4 87
1 46
2 65
6 51
4 14
6 10
9 26
8 63
6 16
1 93
8 61
3 68
5 24
7 39
4 93
4 93
7 79
9 53
1 69
7 59
3 31
1 32
2 54
10 39
7 86
6 46
7 53
1 13
8 25
2 69
6 16
9 55
7 55
2 25
9 63
8 71
4 21
3 31
4 94
2 33
1 29
1 44
5 91
2 72
7 74
3 23
2 2
2 74
3 84
7 25
5 39
8 66
6 14
1 32
7 21
9 98
8 94
6 73
1 38
7 7
1 14
4 4
3 71
8 63
8 38
5 63
4 8
4 74
5 0
5 39
8 62
6 1
4 69
5 17
5 5
7 17
2 91
7 97
6 15
6 9
1 73
8 49
2 17
2 46
4 86
2 56
10 50
6 46
1 76
6 5
3 69
1 64
7 64
8 10
1 67
8 62
7 91
10 54
8 62
6 55
9 27
8 48
5 97
1 91
2 54
9 13
3 100
5 53
9 96
10 48
6 55
3 43
5 24
8 6
10 60
3 20
4 22
2 70
5 6
1 53
10 14
8 52
3 94
9 72
9 37
5 8
4 49
8 24
2 66
1 4
2 87
8 3
1 39
4 46
6 68
9 17
6 30
1 2
9 47
8 69
5 6
5 74
9 18
5 22
8 62
6 22
2 7
2 72
10 70
6 64
5 15
5 64
6 1
1 1
10 8
4 39
10 36
9 82
9 20
8 27
5 73
2 62
7 28
8 5
1 33
1 0
1 31
6 75
8 91
6 31
9 37
5 9
7 5
3 63
9 15
10 88
5 0
4 90
1 67
6 25
4 47
3 86
9 80
2 59
8 37
5 29
1 58
7 85
7 30
2 36
6 50
10 71
5 33
10 61
10 91
7 81
9 96
6 53
2 19
10 25
8 69
2 40
10 7
2 66
1 26
4 83
10 60
4 14
5 43
2 25
10 4
8 33
6 59
10 53
5 47
8 50
9 70
8 61
10 42
10 53
1 23
5 14
9 76
4 31
6 68
1 93
3 58
6 60
6 73
5 19
5 71
2 2
5 9
10 71
6 10
8 4
3 5
10 46
8 73
8 30
5 26
4 74
6 33
4 11
9 73
8 80
2 30
6 93
6 58
5 33
10 43
2 47
4 67
4 41
9 45
9 5
5 4
3 1
9 86
2 37
2 88
6 62
2 73
4 48
4 70
5 17
9 72
8 18
3 83
10 11
2 24
5 30
4 88
4 53
8 70
1 66
10 39
1 18
6 65
4 93
7 65
10 46
7 87
8 28
9 42
9 56
3 45
3 93
8 68
8 18
1 52
10 63
8 83
5 35
10 36
7 76
10 82
5 33
9 99
4 75
6 6
5 25
7 100
6 91
8 76
1 97
5 30
1 84
2 33
5 32
3 74
4 88
7 45
3 39
7 82
1 93
5 43
4 0
4 92
6 77
1 23
9 46
1 81
3 49
9 29
2 21
4 74
1 28
10 17
2 64
7 56
10 5
3 88
4 63
4 52
2 62
8 84
9 36
5 68
4 93
6 7
6 21
3 31
2 56
4 11
9 21
8 92
6 75
10 91
7 57
7 51
8 77
7 34
4 32
8 8
5 54
1 79
7 53
3 7
4 16
7 79
7 47
9 75
4 68
5 27
5 88
5 30
7 71
8 53
3 86
5 37
8 97
1 1
6 23
4 1
4 55
8 96
8 99
2 73
5 27
4 7
4 72
5 91
4 58
3 40
2 78
9 39
9 75
9 10
10 55
8 84
9 75
5 71
8 97
7 56
10 75
9 56
2 84
6 93
1 7
7 86
7 33
7 2
9 67
6 91
10 87
10 91
10 21
9 60
2 57
6 48
1 71
6 77
7 27
2 45
1 80
3 36
1 73
9 67
8 43
8 80
8 69
4 46
3 93
9 59
9 36
4 38
4 97
8 37
8 78
7 11
10 49
3 76
5 76
7 49
5 44
5 53
1 69
5 8
10 57
3 85
10 55
4 96
10 10
8 49
3 58
2 65
10 99
8 73
6 65
1 73
10 38
1 6
3 83
5 15
1 7
8 76
4 43
2 82
10 82
8 99
1 13
2 100
7 4
1 42
2 33
8 57
2 66
3 24
4 18
5 58
5 29
6 43
3 39
9 72
10 92
8 72
2 82
6 68
5 92
4 8
3 6
10 17
10 58
10 85
4 14
2 35
3 9
8 72
10 96
1 54
7 68
5 14
4 20
9 20
9 23
3 11
3 67
7 53
8 55
9 40
1 5
1 49
9 70
7 16
7 42
7 3
8 82
7 58
1 38
9 89
3 94
7 79
3 96
9 5
5 83
1 86
8 66
9 41
4 31
8 69
10 62
9 84
7 63
5 39
4 10
1 62
4 11
9 17
8 64
10 19
4 6
1 80
4 19
1 54
1 94
4 64
6 26
2 87
2 14
9 30
7 80
3 94
9 84
1 5
5 62
7 50
10 82
8 20
4 90
8 58
9 29
6 49
4 98
1 50
8 92
4 2
1 88
2 8
10 27
2 44
3 6
2 98
5 48
6 30
6 70
10 33
4 93
5 76
7 24
1 69
8 32
5 100
1 89
8 97
4 98
1 29
5 24
7 30
2 22
1 74
4 90
8 50
6 49
7 8
7 13
6 33
9 50
3 64
6 89
2 67
6 24
2 23
2 33
1 33
1 46
6 85
4 11
9 50
1 80
7 10
5 6
5 99
3 91
9 63
9 42
2 50
1 64
1 22
10 37
3 94
6 84
8 76
3 97
4 60
1 9
5 17
10 60
8 13
8 1
2 35
9 8
10 87
5 20
6 66
7 1
8 26
8 97
4 28
2 20
7 50
2 74
4 27
3 12
5 36
1 94
7 89
4 56
5 6
7 73
5 60
5 46
10 35
10 89
5 2
2 90
7 44
5 50
6 93
9 1
5 46
7 59
9 71
10 54
8 43
6 66
10 43
3 72
9 1
7 65
10 87
2 66
1 84
4 64
10 32
2 29
8 30
6 95
10 1
8 11
4 76
1 91
2 84
5 42
8 64
9 90
7 53
3 92
3 7
10 50
8 74
7 65
1 57
2 87
8 22
9 36
10 10
10 28
2 89
5 43
3 11
3 94
5 12
8 64
8 92
3 20
5 93
8 66
1 88
2 51
8 8
4 95
5 38
8 6
2 58
4 47
6 31
4 15
7 97
1 9
5 94
9 10
1 45
3 29
1 27
7 40
2 84
4 48
1 41
2 78
8 46
9 2
2 17
8 51
4 43
2 44
9 38
3 77
6 0
6 79
6 1
1 5
7 17
6 76
5 50
1 86
8 26
10 10
10 57
3 19
4 23
5 68
9 36
5 18
4 41
2 67
5 20
6 27
7 58
4 24
9 8
8 95
6 43
3 66
2 73
4 95
1 59
2 83
7 11
1 34
5 35
2 92
5 65
5 55
8 16
7 70
8 60
10 14
7 25
10 48
4 46
5 2
1 42
4 65
5 54
7 47
1 11
8 24
6 1
5 77
5 1
8 2
9 2
6 34
4 5
5 38
3 20
8 14
1 67
1 94
9 39
7 30
3 55
10 80
1 22
5 24
1 19
7 70
8 68
8 68
6 70
6 42
8 87
9 40
8 92
9 4
5 97
10 12
9 70
2 83
1 50
2 38
7 44
1 34
8 55
4 58
9 7
6 22
8 47
3 38
1 52
4 87
10 100
1 95
2 40
2 14
9 94
7 60
10 64
2 12
1 75
8 94
7 75
9 55
3 63
7 67
6 62
6 75
5 90
4 46
4 77
2 46
7 31
5 76
10 23
3 74
5 62
10 98
4 45
6 51
9 93
3 98
3 22
8 31
3 40
5 72
5 56
9 14
1 81
10 87
7 69
10 28
9 86
7 71
7 54
6 79
1 24
2 84
2 54
1 96
3 23
7 69
7 69
2 42
10 67
6 45
3 59
6 7
7 33
9 95
6 27
6 90
8 8
8 36
8 6
5 3
2 41
7 86
10 30
8 60
9 20
4 60
6 93
2 0
6 94
6 37
8 37
5 62
4 71
7 19
9 33
8 78
6 61
2 32
1 76
1 20
10 10
10 43
8 10
2 62
6 80
7 13
3 5
6 85
7 25
8 99
9 84
8 80
2 37
2 74
2 58
7 67
2 27
10 68
3 84
8 0
9 18
1 75
3 75
6 15
9 66
5 28
2 24
7 63
3 79
8 55
5 53
6 51
6 46
7 81
4 11
1 2
10 72
8 58
8 5
3 29
4 24
5 90
9 95
9 31
8 26
8 10
9 52
9 27
7 83
3 99
3 27
7 30
3 78
7 33
8 100
7 28
5 73
9 28
1 72
3 59
10 4
8 82
10 79
4 94
8 64
2 4
7 77
8 54
10 25
3 79
3 37
8 87
7 29
5 10
5 33
1 61
9 22
3 49
2 65
