20
35 25 31 13 35 4 11 27 30 4 35 7 17 8 10 8 31 18 25 21 32 3 29 17 31 16 32 20 24 22 27 4 23 21 28 20 31 5 32 30 31 16 22 15 21 18 31 8 34 
47 31 40 17 46 16 36 2 14 34 35 5 43 29 38 14 28 17 41 2 35 6 21 
19 5 7 5 11 4 9 5 6 5 10 8 15 12 15 11 13 4 15 8 9 9 10 10 12 6 15 6 19 10 19 3 16 9 14 11 12 
16 1 7 2 10 4 16 7 9 9 11 6 10 6 16 5 10 10 13 9 15 8 16 
47 39 40 15 28 19 46 19 40 18 44 10 22 23 33 2 32 14 42 10 33 4 30 11 44 1 10 8 34 21 37 3 42 5 14 4 14 21 28 13 17 7 19 26 40 44 46 10 23 23 42 2 13 6 45 33 44 37 45 4 13 5 22 4 32 11 14 14 15 12 47 8 39 
44 16 24 19 29 6 11 6 37 4 37 10 34 32 40 8 41 3 44 3 42 26 35 17 21 1 15 22 24 8 29 20 42 16 41 27 38 2 24 21 41 14 17 21 23 7 8 22 42 10 15 9 36 16 21 13 32 24 29 17 23 8 9 20 27 3 12 26 39 20 31 21 35 
49 21 48 12 33 19 38 10 23 41 48 7 49 7 24 36 45 2 49 2 24 9 49 13 14 21 41 45 49 9 18 13 46 25 44 25 39 3 18 13 34 2 46 17 35 14 26 13 41 8 31 6 47 8 33 
48 15 20 38 39 43 48 22 38 34 38 7 27 27 40 9 28 
31 18 21 8 13 13 28 1 20 11 21 14 19 12 14 2 26 7 18 10 13 12 15 6 16 11 23 24 31 5 13 10 16 11 14 5 26 1 22 6 10 6 31 4 27 16 31 3 6 8 21 21 24 17 25 7 26 7 29 9 20 2 8 
11 3 8 9 11 4 5 6 11 5 7 7 9 3 10 2 9 7 11 2 7 
26 16 26 14 26 13 20 17 19 6 9 16 24 13 18 5 17 12 15 9 24 2 11 13 21 8 26 2 26 8 9 20 25 10 23 7 8 19 21 11 25 3 10 7 15 8 19 12 19 
31 3 16 15 20 3 19 23 28 22 31 18 23 3 27 6 26 7 9 29 31 12 17 5 26 7 11 2 11 9 24 
16 8 11 4 7 3 10 11 13 6 12 12 16 7 16 
50 28 48 22 46 7 20 4 37 3 17 18 48 4 48 27 47 39 49 33 41 6 31 31 45 9 40 32 42 14 18 25 32 36 45 9 19 5 48 27 35 30 42 
14 5 13 4 11 
4 1 3 3 4 1 2 2 4 
6 1 4 5 6 3 6 2 6 2 3 4 6 
18 6 11 14 17 4 8 8 14 4 12 4 13 10 14 2 8 9 12 7 15 3 11 3 18 3 7 1 13 
33 4 17 13 15 15 33 5 28 6 17 2 15 7 25 13 25 14 32 23 31 21 31 8 22 25 32 8 19 7 30 
46 42 44 33 43 13 18 13 32 20 34 8 33 11 31 27 31 10 34 
